0.748045
0.969213
0.572807
0.430022
0.990681
0.33117
0.917291
0.413047
0.553836
0.294725
0.420536
0.423032
0.0460975
0.963222
0.47745
0.828923
0.756532
0.687635
0.0910301
0.178399
0.985688
0.0850391
0.0830421
0.38459
0.85089
0.439507
0.558329
0.616242
0.87136
0.348644
0.278749
0.832917
0.153437
0.755034
0.913796
0.940756
0.869862
0.574804
0.128474
0.52438
0.742553
0.798469
0.355134
0.298719
0.817441
0.490431
0.868863
0.725578
0.361624
0.318689
0.801964
0.827426
0.982693
0.537361
0.782493
0.767515
0.029123
0.526377
0.441005
0.332168
0.766517
0.179897
0.759527
0.235314
0.391579
0.795473
0.807455
0.998169
0.200366
0.668664
0.955733
0.608254
0.0775503
0.213846
0.633217
0.308204
0.385089
0.775503
0.822932
0.661175
0.0865369
0.856881
0.534864
0.159428
0.850391
0.514894
0.174904
0.513397
0.401065
0.363122
0.0925279
0.952238
0.135963
0.393576
0.493926
0.341155
0.409552
0.0815444
0.610751
0.700616
0.13097
0.147445
0.659677
0.312698
0.706607
0.226327
0.748544
0.893826
0.956232
0.532867
0.460975
0.316692
0.103511
0.293726
0.57131
0.656182
0.840406
0.0226327
0.506407
0.456482
0.995174
0.652688
0.368114
0.338659
0.786487
0.16442
0.0965219
0.349143
0.203362
0.216342
0.256282
0.225329
0.899318
0.126976
0.750541
0.592278
0.489932
0.94425
0.342153
0.258778
0.848394
0.816442
0.641205
0.102014
0.519887
0.421035
0.347645
0.429522
0.0660676
0.947745
0.814445
0.942753
0.568314
0.108504
0.539857
0.405558
0.68464
0.543352
0.87785
0.368614
0.263272
0.169912
0.267266
0.566816
0.334665
0.389582
0.0970211
0.273756
0.586786
0.319188
0.726577
0.21085
0.0855384
0.00765518
0.768015
0.953736
0.909802
0.543851
0.802463
0.752039
0.366117
0.640206
0.252787
0.753037
0.215344
0.407056
0.458479
0.693626
0.186387
0.779497
0.219837
0.728574
0.909303
0.619238
0.419038
0.649193
0.895823
0.654685
0.0665668
0.872358
0.19787
0.0455983
0.0386088
0.0940256
0.726078
0.286237
0.702113
0.904809
0.29772
0.968214
0.723581
0.663172
0.784989
0.390581
0.946247
0.0406058
0.792478
0.259777
0.69762
0.583292
0.846896
0.0426028
0.49093
0.793476
0.109003
0.46447
0.788983
0.787485
0.0136462
0.863372
0.554834
0.143951
0.187386
0.628724
0.986687
0.934265
0.849892
0.590281
0.791479
0.410551
0.930771
0.3776
0.906307
0.0715593
0.118489
0.0321185
0.0740556
0.741554
0.949243
0.588284
0.0930271
0.876851
0.519388
0.496422
0.96422
0.326677
0.595773
0.962223
0.628224
0.0620736
0.55084
0.747046
0.119987
0.805958
0.22433
0.0500915
0.360126
0.544849
0.651689
0.518888
0.571809
0.580795
0.223831
0.125478
0.976702
0.442004
0.181395
0.533367
0.385588
0.700116
0.206357
0.764021
0.556831
0.842403
0.721085
0.0401065
0.867865
0.876352
0.594775
0.112997
0.861375
0.856382
0.610251
0.776003
0.747545
0.0445998
0.189383
0.327176
0.520386
0.345648
0.73107
0.532368
0.536362
0.933267
0.000665668
0.823432
0.585788
0.469962
0.959727
0.00515893
0.144949
0.0366117
0.395573
0.192378
0.874854
0.820935
0.962723
0.552837
0.445498
0.653686
0.217341
0.105508
0.992178
0.105009
0.0675653
0.721584
0.96472
0.25129
0.979198
0.0650691
0.0985189
0.0475953
0.737061
0.627725
0.13746
0.167416
0.6442
0.649692
0.820436
0.0381095
0.169413
0.342653
0.183392
0.231819
0.919288
0.111499
0.0875354
0.706108
0.301714
0.365119
0.79098
0.485938
0.547346
0.274755
0.436013
0.0860376
0.932268
0.15144
0.0565818
0.380097
0.529373
0.988684
0.632718
0.383591
0.00166417
0.672658
0.352638
0.675653
0.900316
0.976202
0.517391
0.79797
0.430521
0.915294
0.714595
0.0201365
0.883342
0.539358
0.480945
0.301215
0.440506
0.407555
0.383092
0.0770511
0.289233
0.249792
0.205359
0.914794
0.789982
0.636712
0.780496
0.0690631
0.495424
0.114994
0.559827
0.390082
0.0216342
0.657181
0.689632
0.789482
0.712099
0.397071
0.966217
0.025129
0.129472
0.373606
0.509403
0.00416043
0.295723
0.269762
0.189882
0.251789
0.903811
0.448494
0.201365
0.51789
0.722583
0.813946
0.0181395
0.184889
0.00565818
0.0695623
0.420037
0.498419
0.662673
0.860376
0.00715593
0.843402
0.570311
0.806956
0.0735563
0.816941
0.565818
0.485439
0.622733
0.89133
0.333167
0.615743
0.946747
0.965219
0.175903
0.362623
0.167915
0.568813
0.033117
0.923282
0.508404
0.154934
0.528873
0.0640706
0.249293
0.280746
0.53137
0.687136
0.166417
0.794974
0.882842
0.614745
0.0975204
0.198369
0.970211
0.422034
0.196871
0.196372
0.271759
0.888334
0.785488
0.315194
0.329672
0.143451
0.262773
0.245299
0.883841
0.463971
0.86437
0.404061
0.9108
0.393077
0.569313
0.95773
0.306707
0.61125
0.625229
0.514395
0.250291
0.129972
0.298219
0.892827
0.107006
0.766018
0.255284
0.376103
0.132468
0.921285
0.809952
0.621235
0.11749
0.182892
0.307206
0.535863
0.00865369
0.617241
0.720586
0.115493
0.48444
0.773506
0.12448
0.127475
0.675154
0.975703
0.592778
0.414545
0.327675
0.444999
0.729073
0.833916
0.00266267
0.521884
0.119487
0.881345
0.840905
0.947246
0.889832
0.559328
0.465468
0.638209
0.554335
0.219338
0.803961
0.525878
0.516392
0.948744
0.663671
0.709602
0.774006
0.049093
0.5109
0.778
0.445998
0.578299
0.600766
0.208354
0.462473
0.0905309
0.253786
0.602263
0.982193
0.612748
0.399068
0.66467
0.558828
0.540855
0.254784
0.451489
0.749043
0.818439
0.339657
0.635713
0.93127
0.302213
0.289732
0.174405
0.588783
0.0176402
0.260276
0.622233
0.966717
0.949742
0.512897
0.476452
0.979697
0.989682
0.481944
0.150441
0.207356
0.613247
0.323681
0.0480945
0.661674
0.0111499
0.240306
0.63771
0.629722
0.835913
0.701115
0.0555833
0.53087
0.762523
0.782992
0.692128
0.412548
0.629223
0.9113
0.31769
0.952738
0.0605758
0.777001
0.596772
0.811449
0.395074
